192,1
192,3
176,1
176,3
24,4
56,2
64,1
64,3
56,15
56,14
56,12
56,11
56,10
56,9
56,6
56,5
56,4
56,1
56,3
168,1
168,3
112,1
112,3
161,1
161,3
65,1
65,3
57,1
57,3
233,56
233,55
233,54
233,53
233,52
233,51
233,50
233,49
233,48
233,47
233,46
233,45
233,44
233,43
233,42
233,41
233,40
233,39
162,1
162,3
154,1
154,3
106,1
106,3
186,1
186,3
232,191
232,190
232,189
232,188
232,187
163,12
163,8
163,3
179,1
179,3
27,1
27,3
147,1
147,3
0,243
59,2
59,1
59,3
131,1
131,3
75,3
232,255
232,254
232,253
232,252
232,251
232,250
232,249
232,248
232,247
232,246
232,245
232,244
232,243
232,242
232,241
232,240
232,239
232,238
232,237
232,236
0,308
0,304
60,2
60,9
60,8
60,7
60,6
60,5
60,1
60,3
180,3
228,1
228,3
132,1
132,3
172,1
172,5
172,3
0,273
0,270
108,1
108,3
232,319
232,318
232,317
232,316
232,315
232,314
232,313
232,312
232,311
0,383
173,16
173,15
173,13
173,11
173,36
173,35
173,32
173,31
173,30
173,29
173,28
173,27
173,10
173,9
173,8
173,18
173,25
173,24
173,23
173,22
173,21
173,20
173,19
173,5
173,4
173,3
0,382
85,1
85,3
0,380
0,324
0,378
0,377
133,1
133,3
0,419
0,417
0,416
0,415
0,441
0,413
0,409
0,406
0,404
0,403
0,391
0,433
0,421
0,390
0,386
0,384
173,72
173,98
173,97
173,96
173,95
173,94
173,93
173,92
173,91
173,90
173,89
173,88
173,87
173,86
173,85
173,84
173,83
173,82
173,81
173,80
173,79
173,78
173,77
63,2
173,143
173,134
173,166
173,165
173,145
173,142
173,141
173,140
173,137
173,136
173,133
173,135
173,132
173,131
173,130
173,129
173,128
31,1
31,3
143,1
143,3
111,1
111,3
0,479
0,480
232,470
232,469
